Inputs WSNs:
Distancia Minima: 12
Distancia Maxima: 123
Energia Minima: 2
Energia Maxima: 123
Custo de Comunicacao Manimo: 123
Custo de Comunicacao Maximo: 124
Quantidade de Nos: 123

Resultados:
Primeiro Caminho: [100 121   2 104  29  87 117   3  86  19  32  81  11  90  91 115 120  94
  71   5 114 122  65  78  18  37 107  49 122  65  29 108  22  82  31  96
 104  71  40  85  51 110  58  64  28   4  20  96 110  72  25  42  46  84
  30  23  52   8 107  34  35  10  53 102  85 103  93  82  33  43  26 109
  69 112  76  58 119   0 116 108 106  74  59  89  79  73 111  62  28  83
  49  51 105  70  14  45  63  21  56   1  47  15   4  27  67  17   9  12
  61  75  24  37  50  68  44 118   7  31  64  36  77  54  16]
Melhor Caminho Encontrado: [ 60  45  25  72   4  11  16  63   8  91  65  49  21  70  19  40   0  95
  66 121 116 115   7  77 113  24  23  10  56  53  59  68  97  61  64  13
 101  41  20  69  73  34  39  85  96 100  36   2  82  48  89  27  78 120
  83  37  38 119  42  71  43 114  86 112 122  54   1 105  33  90  92  88
  94  31  80 102 118  22  56  84   6  42  82  76  87 116 120  23  74   8
 115  14 121  90  59   0  16  33  73  80 112  53  39  96  83 107  44  40
   2  64  43  81 114  11  79  10 106  68  91  72  52  47 100]
Custo Total do Caminho: 7820
Ganho do algoritmo: 2
